

pca
    (Intercept)        0.27459       0.01971       13.932     2.5272e-43
    x1                       0             0          NaN            NaN
    x2                0.001461    0.00046922       3.1137      0.0018581
    x3             -0.00016539     0.0017459    -0.094729        0.92453
    x4                       0             0          NaN            NaN
    x5              0.00088128     0.0008776       1.0042        0.31534
    x6               0.0080208    0.00061438       13.055     2.4502e-38
    x7               -0.012173     0.0067291       -1.809       0.070511
    x8              -0.0014811    0.00047626      -3.1098      0.0018827
    x9              0.00014753    8.8645e-05       1.6643       0.096118
    x10              0.0032293     0.0024862       1.2989        0.19404
    x11             0.00010564    3.0931e-06       34.154    2.6414e-230

        (Intercept)        0.42574      0.016636      25.592    2.372e-133
    x1                       0             0         NaN           NaN
    x2               0.0010061    0.00038135      2.6383     0.0083674
    x3             -0.00029678     0.0013637    -0.21763       0.82773
    x4                       0             0         NaN           NaN
    x5             -0.00010874    0.00072732    -0.14951       0.88116
    x6               0.0058542    0.00051845      11.292    4.1999e-29
    x7               -0.010195     0.0055253     -1.8451      0.065107
    x8              -0.0010279    0.00038829     -2.6471     0.0081513
    x9              0.00010452    7.3829e-05      1.4157       0.15694
    x10              0.0024696     0.0020954      1.1786       0.23865
    x11             5.5652e-05    2.6504e-06      20.997    1.1331e-92

    x1                       0             0         NaN            NaN
    x2               0.0013658     0.0004524       3.019      0.0025487
    x3             -0.00030522     0.0016689    -0.18289        0.85489
    x4                       0             0         NaN            NaN
    x5               0.0010741    0.00083978       1.279        0.20095
    x6               0.0061384    0.00063253      9.7046     4.5086e-22
    x7              -0.0093804     0.0065159     -1.4396        0.15004
    x8              -0.0013477    0.00045944     -2.9333      0.0033689
    x9              0.00014859    8.5574e-05      1.7364       0.082556
    x10              0.0017818     0.0024124      0.7386        0.46018
    x11             8.9689e-05    3.0782e-06      29.137    1.5713e-172
    x12               0.057062     0.0077555      7.3576     2.1767e-13
    x13             -0.0082133     0.0077669     -1.0575        0.29035
    x14               0.047216     0.0068104      6.9329     4.6459e-12
    x15              -0.016568     0.0078437     -2.1123       0.034708
    x16              0.0036051     0.0073172      0.4927        0.62225
    x17              -0.011706     0.0065353     -1.7912       0.073326
    x18              -0.040565     0.0099965     -4.0579     5.0264e-05
    x19              -0.018051     0.0067869     -2.6596      0.0078479
    x20               0.064688     0.0080958      7.9903     1.6574e-15
    x21               0.019778     0.0083148      2.3787       0.017413
    x22               0.012874      0.010172      1.2657        0.20569
    x23              0.0094051     0.0084426       1.114        0.26533
    x24             -0.0054218     0.0092284    -0.58752        0.55688
    x25               -0.04038     0.0082698     -4.8828     1.0785e-06
    x26               0.035241     0.0078759      4.4746     7.8258e-06
    x27             -0.0099614      0.010743    -0.92726        0.35384
    x28              -0.011676     0.0070471     -1.6569       0.097608
    x29             -0.0089241      0.010185     -0.8762        0.38096
    x30               0.025549      0.009373      2.7258      0.0064367
    x31               0.019904     0.0072815      2.7336      0.0062874

        x1                       0             0         NaN            NaN
    x2              0.00083485    0.00038501      2.1684       0.030193
    x3             -0.00012596     0.0013294    -0.09475        0.92452
    x4                       0             0         NaN            NaN
    x5             -0.00064962    0.00070687      -0.919        0.35815
    x6               0.0043514    0.00054545      7.9776     1.9676e-15
    x7              -0.0091187     0.0053699     -1.6981       0.089568
    x8             -0.00083336    0.00039238     -2.1239       0.033747
    x9              9.3028e-05    7.1996e-05      1.2921        0.19639
    x10              0.0031157      0.002041      1.5266        0.12695
    x11             4.7789e-05    2.6326e-06      18.153     1.2144e-70
    x12                 0.0428     0.0066414      6.4444     1.3083e-10
    x13              -0.010922     0.0064152     -1.7026       0.088727
    x14               0.032936      0.005682      5.7966     7.3278e-09
    x15             -0.0036778     0.0064488    -0.57031         0.5685
    x16            -0.00078038     0.0060024    -0.13001        0.89657
    x17               -0.01693     0.0054269     -3.1197      0.0018241
    x18               -0.03062     0.0083715     -3.6576     0.00025807
    x19             -0.0090459     0.0056809     -1.5923        0.11139
    x20               0.039529     0.0064356      6.1422     8.9911e-10
    x21              0.0087241     0.0065813      1.3256        0.18505
    x22              0.0075477     0.0083889     0.89973        0.36832
    x23               0.015341     0.0067897      2.2594       0.023916
    x24             -0.0086777     0.0073342     -1.1832        0.23682
    x25              -0.035566     0.0067587     -5.2621     1.5039e-07
    x26                0.02371      0.006341      3.7393     0.00018733
    x27             -0.0051929     0.0087783    -0.59157        0.55417
    x28              -0.018944     0.0058487      -3.239      0.0012101
    x29              -0.018159     0.0082124     -2.2111       0.027088
    x30               0.020272     0.0076451      2.6516      0.0080448
    x31               0.022854     0.0060009      3.8084     0.00014213


        x1                       0             0         NaN           NaN
    x2              0.00081409     0.0003762       2.164      0.030529
    x3             -0.00057178     0.0013791     -0.4146       0.67846
    x4                       0             0         NaN           NaN
    x5              -0.0005943    0.00072047    -0.82487        0.4095
    x6               0.0057224    0.00052416      10.917    2.4308e-27
    x7               -0.011762     0.0054781     -2.1471      0.031846
    x8             -0.00082249    0.00038303     -2.1473      0.031831
    x9              7.5753e-05    7.3474e-05       1.031        0.3026
    x10              0.0035903     0.0020848      1.7222       0.08512
    x11             5.2142e-05    2.6748e-06      19.494    1.0131e-80
    x12               0.046432     0.0064626      7.1848    8.0705e-13
    x13              -0.017635     0.0054715      -3.223     0.0012794
    x14               0.031012     0.0054364      5.7045    1.2563e-08
    x15              0.0055042      0.005712     0.96362        0.3353
    x16              -0.015787     0.0057188     -2.7605        0.0058
